Test number: 107
G:
4 9
100011100
010010011
001001110
000110101
dG: 4
dH: 3
Syndrome_Table:
00000 000000000
00001 100001000
00010 000000100
00011 000010000
00100 110010000
00101 110000100
00110 010001000
00111 110000000
01000 101000000
01001 010100000
01010 101000100
01011 000000010
01100 110000010
01101 100110000
01110 100100000
01111 100000001
10000 001000000
10001 110100000
10010 001000100
10011 100000010
10100 010000010
10101 000110000
10110 000100000
10111 000000001
11000 100000000
11001 000001000
11010 100000100
11011 100010000
11100 010010000
11101 010000100
11110 110001000
11111 010000000
Bounds_On_Distance: 6 4 5